# Game Level Exporter v1.0
LIGHT
Point
<Matrix 4x4 ( 1.0000,  0.0000, 0.0000, 0.0000)
            ( 0.0000,  0.0000, 1.0000, 0.0000)
            ( 0.0000, -1.0000, 0.0000, 0.0000)
            (-3.5000,  0.4000, 3.5000, 1.0000)>
LIGHT
Point.001
<Matrix 4x4 (1.0000,  0.0000, 0.0000, 0.0000)
            (0.0000,  0.0000, 1.0000, 0.0000)
            (0.0000, -1.0000, 0.0000, 0.0000)
            (5.4000,  2.7000, 0.4000, 1.0000)>
LIGHT
Sun
<Matrix 4x4 (1.0000,  0.0000, 0.0000, 0.0000)
            (0.0000,  0.0000, 1.0000, 0.0000)
            (0.0000, -1.0000, 0.0000, 0.0000)
            (0.0000,  0.0000, 0.0000, 1.0000)>
CAMERA
Camera
<Matrix 4x4 ( 0.7071,  0.0000, -0.7071, 0.0000)
            ( 0.5000,  0.7071,  0.5000, 0.0000)
            ( 0.5000, -0.7071,  0.5000, 0.0000)
            (-3.0000,  4.0000, -2.0000, 1.0000)>
MESH
Floor_Diamond_Cube.048
<Matrix 4x4 (2.0000,  0.0000,  0.0000, 0.0000)
            (0.0000,  1.0000,  0.0000, 0.0000)
            (0.0000, -0.0000,  2.0000, 0.0000)
            (4.0000,  0.0000, -4.0000, 1.0000)>
MESH
Floor_Squares_Cube.035
<Matrix 4x4 (2.0000,  0.0000, 0.0000, 0.0000)
            (0.0000,  1.0000, 0.0000, 0.0000)
            (0.0000, -0.0000, 2.0000, 0.0000)
            (0.0000,  0.0000, 4.0000, 1.0000)>
MESH
Arch_Gothic_Cylinder.002
<Matrix 4x4 (1.0000,  0.0000, 0.0000, 0.0000)
            (0.0000,  1.0000, 0.0000, 0.0000)
            (0.0000, -0.0000, 1.0000, 0.0000)
            (0.0000,  0.0000, 6.0000, 1.0000)>
MESH
Floor_Squares_Cube.001
<Matrix 4x4 (2.0000,  0.0000,  0.0000, 0.0000)
            (0.0000,  1.0000,  0.0000, 0.0000)
            (0.0000, -0.0000,  2.0000, 0.0000)
            (0.0000,  0.0000, -4.0000, 1.0000)>
MESH
Floor_Squares_Cube.002
<Matrix 4x4 (2.0000,  0.0000, 0.0000, 0.0000)
            (0.0000,  1.0000, 0.0000, 0.0000)
            (0.0000, -0.0000, 2.0000, 0.0000)
            (4.0000,  0.0000, 0.0000, 1.0000)>
MESH
Floor_Squares_Cube.003
<Matrix 4x4 ( 2.0000,  0.0000, 0.0000, 0.0000)
            ( 0.0000,  1.0000, 0.0000, 0.0000)
            ( 0.0000, -0.0000, 2.0000, 0.0000)
            (-4.0000,  0.0000, 0.0000, 1.0000)>
MESH
Wall_ArchGothic_Cube.045
<Matrix 4x4 (1.0000,  0.0000, 0.0000, 0.0000)
            (0.0000,  1.0000, 0.0000, 0.0000)
            (0.0000, -0.0000, 1.0000, 0.0000)
            (0.0000,  0.0000, 6.0000, 1.0000)>
MESH
Floor_Diamond_Cube.001
<Matrix 4x4 ( 2.0000,  0.0000,  0.0000, 0.0000)
            ( 0.0000,  1.0000,  0.0000, 0.0000)
            ( 0.0000, -0.0000,  2.0000, 0.0000)
            (-4.0000,  0.0000, -4.0000, 1.0000)>
MESH
Floor_Diamond_Cube.002
<Matrix 4x4 ( 2.0000,  0.0000, 0.0000, 0.0000)
            ( 0.0000,  1.0000, 0.0000, 0.0000)
            ( 0.0000, -0.0000, 2.0000, 0.0000)
            (-4.0000,  0.0000, 4.0000, 1.0000)>
MESH
Floor_Diamond_Cube.003
<Matrix 4x4 (2.0000,  0.0000, 0.0000, 0.0000)
            (0.0000,  1.0000, 0.0000, 0.0000)
            (0.0000, -0.0000, 2.0000, 0.0000)
            (0.0000,  0.0000, 0.0000, 1.0000)>
MESH
Column_Square_Cylinder.026
<Matrix 4x4 ( 0.7071, 0.0000,  0.7071, 0.0000)
            ( 0.0000, 1.0000, -0.0000, 0.0000)
            (-0.7071, 0.0000,  0.7071, 0.0000)
            (-4.0000, 0.0000,  4.0000, 1.0000)>
MESH
Floor_Diamond_Cube.004
<Matrix 4x4 (2.0000,  0.0000, 0.0000, 0.0000)
            (0.0000,  1.0000, 0.0000, 0.0000)
            (0.0000, -0.0000, 2.0000, 0.0000)
            (4.0000,  0.0000, 4.0000, 1.0000)>
MESH
Column_Square_Cylinder.001
<Matrix 4x4 ( 0.7071, 0.0000,  0.7071, 0.0000)
            ( 0.0000, 1.0000, -0.0000, 0.0000)
            (-0.7071, 0.0000,  0.7071, 0.0000)
            ( 4.0000, 0.0000,  4.0000, 1.0000)>
MESH
Column_Square_Cylinder.002
<Matrix 4x4 ( 0.7071, 0.0000,  0.7071, 0.0000)
            ( 0.0000, 1.0000, -0.0000, 0.0000)
            (-0.7071, 0.0000,  0.7071, 0.0000)
            ( 4.0000, 0.0000, -4.0000, 1.0000)>
MESH
Column_Square_Cylinder.003
<Matrix 4x4 ( 0.7071, 0.0000,  0.7071, 0.0000)
            ( 0.0000, 1.0000, -0.0000, 0.0000)
            (-0.7071, 0.0000,  0.7071, 0.0000)
            (-4.0000, 0.0000, -4.0000, 1.0000)>
MESH
Wall_Cube.354
<Matrix 4x4 (-0.0000,  0.0000,  1.0000, 0.0000)
            (-0.0000,  1.0000, -0.0000, 0.0000)
            (-1.0000, -0.0000, -0.0000, 0.0000)
            (-6.0000,  0.0000, -1.0000, 1.0000)>
MESH
Wall_Cube.001
<Matrix 4x4 (-0.0000,  0.0000,  1.0000, 0.0000)
            (-0.0000,  1.0000, -0.0000, 0.0000)
            (-1.0000, -0.0000, -0.0000, 0.0000)
            ( 6.0000,  0.0000,  5.0000, 1.0000)>
MESH
Wall_Cube.002
<Matrix 4x4 (-0.0000,  0.0000,  1.0000, 0.0000)
            (-0.0000,  1.0000, -0.0000, 0.0000)
            (-1.0000, -0.0000, -0.0000, 0.0000)
            ( 6.0000,  0.0000,  3.0000, 1.0000)>
MESH
Wall_Cube.003
<Matrix 4x4 (-0.0000,  0.0000,  1.0000, 0.0000)
            (-0.0000,  1.0000, -0.0000, 0.0000)
            (-1.0000, -0.0000, -0.0000, 0.0000)
            ( 6.0000,  0.0000,  1.0000, 1.0000)>
MESH
Wall_Cube.004
<Matrix 4x4 (-0.0000,  0.0000,  1.0000, 0.0000)
            (-0.0000,  1.0000, -0.0000, 0.0000)
            (-1.0000, -0.0000, -0.0000, 0.0000)
            ( 6.0000,  0.0000, -3.0000, 1.0000)>
MESH
Wall_Cube.005
<Matrix 4x4 (-0.0000,  0.0000,  1.0000, 0.0000)
            (-0.0000,  1.0000, -0.0000, 0.0000)
            (-1.0000, -0.0000, -0.0000, 0.0000)
            ( 6.0000,  0.0000, -5.0000, 1.0000)>
MESH
Wall_Cube.006
<Matrix 4x4 (-0.0000,  0.0000,  1.0000, 0.0000)
            (-0.0000,  1.0000, -0.0000, 0.0000)
            (-1.0000, -0.0000, -0.0000, 0.0000)
            ( 6.0000,  0.0000, -1.0000, 1.0000)>
MESH
Wall_Cube.007
<Matrix 4x4 (-0.0000,  0.0000,  1.0000, 0.0000)
            (-0.0000,  1.0000, -0.0000, 0.0000)
            (-1.0000, -0.0000, -0.0000, 0.0000)
            (-6.0000,  0.0000, -5.0000, 1.0000)>
MESH
Wall_Cube.008
<Matrix 4x4 (-0.0000,  0.0000,  1.0000, 0.0000)
            (-0.0000,  1.0000, -0.0000, 0.0000)
            (-1.0000, -0.0000, -0.0000, 0.0000)
            (-6.0000,  0.0000, -3.0000, 1.0000)>
MESH
Wall_Cube.009
<Matrix 4x4 (-0.0000,  0.0000,  1.0000, 0.0000)
            (-0.0000,  1.0000, -0.0000, 0.0000)
            (-1.0000, -0.0000, -0.0000, 0.0000)
            (-6.0000,  0.0000,  1.0000, 1.0000)>
MESH
Wall_Cube.010
<Matrix 4x4 (-0.0000,  0.0000,  1.0000, 0.0000)
            (-0.0000,  1.0000, -0.0000, 0.0000)
            (-1.0000, -0.0000, -0.0000, 0.0000)
            (-6.0000,  0.0000,  5.0000, 1.0000)>
MESH
Wall_Cube.011
<Matrix 4x4 (1.0000,  0.0000, 0.0000, 0.0000)
            (0.0000,  1.0000, 0.0000, 0.0000)
            (0.0000, -0.0000, 1.0000, 0.0000)
            (3.0000,  0.0000, 6.0000, 1.0000)>
MESH
Wall_Cube.012
<Matrix 4x4 (-0.0000,  0.0000,  1.0000, 0.0000)
            (-0.0000,  1.0000, -0.0000, 0.0000)
            (-1.0000, -0.0000, -0.0000, 0.0000)
            (-6.0000,  0.0000,  3.0000, 1.0000)>
MESH
Wall_Cube.013
<Matrix 4x4 ( 1.0000,  0.0000, 0.0000, 0.0000)
            ( 0.0000,  1.0000, 0.0000, 0.0000)
            ( 0.0000, -0.0000, 1.0000, 0.0000)
            (-5.0000,  0.0000, 6.0000, 1.0000)>
MESH
Wall_Cube.014
<Matrix 4x4 ( 1.0000,  0.0000, 0.0000, 0.0000)
            ( 0.0000,  1.0000, 0.0000, 0.0000)
            ( 0.0000, -0.0000, 1.0000, 0.0000)
            (-3.0000,  0.0000, 6.0000, 1.0000)>
MESH
Wall_Cube.015
<Matrix 4x4 (1.0000,  0.0000, 0.0000, 0.0000)
            (0.0000,  1.0000, 0.0000, 0.0000)
            (0.0000, -0.0000, 1.0000, 0.0000)
            (5.0000,  0.0000, 6.0000, 1.0000)>
MESH
Barrel_Cylinder.037
<Matrix 4x4 ( 1.0000,  0.0000,  0.0000, 0.0000)
            ( 0.0000,  1.0000,  0.0000, 0.0000)
            ( 0.0000, -0.0000,  1.0000, 0.0000)
            (-5.0000,  0.0000, -5.0000, 1.0000)>
MESH
Pot1_Cube.103
<Matrix 4x4 ( 1.0000,  0.0000, 0.0000, 0.0000)
            ( 0.0000,  1.0000, 0.0000, 0.0000)
            ( 0.0000, -0.0000, 1.0000, 0.0000)
            (-5.5000,  0.0000, 1.5000, 1.0000)>
MESH
Bookcase_Empty_Cylinder.050
<Matrix 4x4 (-0.0000,  0.0000, -1.0000, 0.0000)
            ( 0.0000,  1.0000, -0.0000, 0.0000)
            ( 1.0000, -0.0000, -0.0000, 0.0000)
            ( 5.4000,  0.0000,  0.0000, 1.0000)>
MESH
Bookcase_Full_Cylinder.044
<Matrix 4x4 (-0.0000,  0.0000,  1.0000, 0.0000)
            (-0.0000,  1.0000, -0.0000, 0.0000)
            (-1.0000, -0.0000, -0.0000, 0.0000)
            (-5.4000,  0.0000,  0.0000, 1.0000)>
MESH
Wall_Hole_Cube.055
<Matrix 4x4 ( 1.0000,  0.0000,  0.0000, 0.0000)
            ( 0.0000,  1.0000,  0.0000, 0.0000)
            ( 0.0000, -0.0000,  1.0000, 0.0000)
            (-5.0000,  0.0000, -6.0000, 1.0000)>
MESH
Wall_Cube.016
<Matrix 4x4 ( 1.0000,  0.0000,  0.0000, 0.0000)
            ( 0.0000,  1.0000,  0.0000, 0.0000)
            ( 0.0000, -0.0000,  1.0000, 0.0000)
            (-3.0000,  0.0000, -6.0000, 1.0000)>
MESH
Wall_Cube.017
<Matrix 4x4 (1.0000,  0.0000,  0.0000, 0.0000)
            (0.0000,  1.0000,  0.0000, 0.0000)
            (0.0000, -0.0000,  1.0000, 0.0000)
            (1.0000,  0.0000, -6.0000, 1.0000)>
MESH
Wall_Cube.018
<Matrix 4x4 ( 1.0000,  0.0000,  0.0000, 0.0000)
            ( 0.0000,  1.0000,  0.0000, 0.0000)
            ( 0.0000, -0.0000,  1.0000, 0.0000)
            (-1.0000,  0.0000, -6.0000, 1.0000)>
MESH
Wall_Cube.019
<Matrix 4x4 (1.0000,  0.0000,  0.0000, 0.0000)
            (0.0000,  1.0000,  0.0000, 0.0000)
            (0.0000, -0.0000,  1.0000, 0.0000)
            (3.0000,  0.0000, -6.0000, 1.0000)>
MESH
Wall_Cube.020
<Matrix 4x4 (1.0000,  0.0000,  0.0000, 0.0000)
            (0.0000,  1.0000,  0.0000, 0.0000)
            (0.0000, -0.0000,  1.0000, 0.0000)
            (5.0000,  0.0000, -6.0000, 1.0000)>
MESH
Pot1_Cube.001
<Matrix 4x4 ( 1.0000,  0.0000,  0.0000, 0.0000)
            ( 0.0000,  1.0000,  0.0000, 0.0000)
            ( 0.0000, -0.0000,  1.0000, 0.0000)
            (-5.5000,  0.0000, -1.5000, 1.0000)>
MESH
Pot1_Cube.002
<Matrix 4x4 (1.0000,  0.0000,  0.0000, 0.0000)
            (0.0000,  1.0000,  0.0000, 0.0000)
            (0.0000, -0.0000,  1.0000, 0.0000)
            (5.5000,  0.0000, -1.5000, 1.0000)>
MESH
Pot1_Cube.003
<Matrix 4x4 (1.0000,  0.0000, 0.0000, 0.0000)
            (0.0000,  1.0000, 0.0000, 0.0000)
            (0.0000, -0.0000, 1.0000, 0.0000)
            (5.5000,  0.0000, 1.5000, 1.0000)>
MESH
Candles_1_Cube.003
<Matrix 4x4 (-0.0000,  0.0000,  1.0000, 0.0000)
            (-0.0000,  1.0000, -0.0000, 0.0000)
            (-1.0000, -0.0000, -0.0000, 0.0000)
            (-3.5000,  0.0000,  3.5000, 1.0000)>
MESH
Candles_2_Cube
<Matrix 4x4 (0.6000,  0.0000, 0.0000, 0.0000)
            (0.0000,  0.6000, 0.0000, 0.0000)
            (0.0000, -0.0000, 0.6000, 0.0000)
            (5.4000,  2.5000, 0.4000, 1.0000)>
MESH
Statue_Fox_Cylinder.036
<Matrix 4x4 (-0.5000,  0.0000, -0.0000, 0.0000)
            ( 0.0000,  0.5000, -0.0000, 0.0000)
            ( 0.0000, -0.0000, -0.5000, 0.0000)
            ( 0.0000,  0.0000, -5.2000, 1.0000)>
