# Game Level Exporter v1.0
LIGHT
Light
<Matrix 4x4 (-0.2909, -0.0552,  0.9552, 0.0000)
            (-0.7711,  0.6045, -0.1999, 0.0000)
            (-0.5664, -0.7947, -0.2184, 0.0000)
            ( 4.0762,  5.9039,  1.0055, 1.0000)>
CAMERA
Camera
<Matrix 4x4 ( 0.6859,  0.0000,  0.7277, 0.0000)
            (-0.3240,  0.8954,  0.3054, 0.0000)
            (-0.6516, -0.4453,  0.6142, 0.0000)
            ( 7.3589,  4.9583, -6.9258, 1.0000)>
MESH
Platform_TopLeft
<Matrix 4x4 ( 3.0000,  0.0000, 0.0000, 0.0000)
            ( 0.0000,  1.0000, 0.0000, 0.0000)
            ( 0.0000, -0.0000, 5.0000, 0.0000)
            (-4.0000,  1.0000, 0.0000, 1.0000)>
MESH
Platform_TopMiddle
<Matrix 4x4 (3.0000,  0.0000, 0.0000, 0.0000)
            (0.0000,  1.0000, 0.0000, 0.0000)
            (0.0000, -0.0000, 5.0000, 0.0000)
            (2.0000,  1.0000, 0.0000, 1.0000)>
MESH
Platform_TopRight
<Matrix 4x4 (3.0000,  0.0000, 0.0000, 0.0000)
            (0.0000,  1.0000, 0.0000, 0.0000)
            (0.0000, -0.0000, 5.0000, 0.0000)
            (8.0000,  1.0000, 0.0000, 1.0000)>
MESH
Cloud1
<Matrix 4x4 ( 0.7071,  0.0000,  0.7071, 0.0000)
            (-0.0000,  1.0000,  0.0000, 0.0000)
            (-0.7071, -0.0000,  0.7071, 0.0000)
            ( 0.0000, 10.0000, -5.0000, 1.0000)>
MESH
Cloud2
<Matrix 4x4 (-0.7071,  0.0000,  0.7071, 0.0000)
            (-0.0000,  1.0000, -0.0000, 0.0000)
            (-0.7071, -0.0000, -0.7071, 0.0000)
            ( 2.0000, 10.0000,  5.0000, 1.0000)>
MESH
Cloud2.001
<Matrix 4x4 (1.0000,  0.0000,  0.0000, 0.0000)
            (0.0000,  1.0000,  0.0000, 0.0000)
            (0.0000, -0.0000,  1.0000, 0.0000)
            (7.0000, 10.0000, -2.0000, 1.0000)>
MESH
Cloud3
<Matrix 4x4 (-0.0000,  0.0000,  1.0000, 0.0000)
            (-0.0000,  1.0000, -0.0000, 0.0000)
            (-1.0000, -0.0000, -0.0000, 0.0000)
            (-2.0000, 10.0000,  0.0000, 1.0000)>
MESH
Mushroom
<Matrix 4x4 (1.0000,  0.0000, 0.0000, 0.0000)
            (0.0000,  1.0000, 0.0000, 0.0000)
            (0.0000, -0.0000, 1.0000, 0.0000)
            (0.3000,  2.0000, 0.8000, 1.0000)>
MESH
Mushroom.001
<Matrix 4x4 (1.0000,  0.0000,  0.0000, 0.0000)
            (0.0000,  1.0000,  0.0000, 0.0000)
            (0.0000, -0.0000,  1.0000, 0.0000)
            (0.3000,  2.0000, -0.8000, 1.0000)>
MESH
Mushroom.002
<Matrix 4x4 ( 1.0000,  0.0000,  0.0000, 0.0000)
            ( 0.0000,  1.0000,  0.0000, 0.0000)
            ( 0.0000, -0.0000,  1.0000, 0.0000)
            (-0.8000,  2.0000, -0.1000, 1.0000)>
MESH
Mushroom.003
<Matrix 4x4 (3.0000,  0.0000, 0.0000, 0.0000)
            (0.0000,  3.0000, 0.0000, 0.0000)
            (0.0000, -0.0000, 3.0000, 0.0000)
            (0.0000,  2.0000, 0.0000, 1.0000)>
MESH
Flag
<Matrix 4x4 (-0.3420, 0.0000, -0.9397, 0.0000)
            (-0.0000, 1.0000,  0.0000, 0.0000)
            ( 0.9397, 0.0000, -0.3420, 0.0000)
            ( 4.5000, 2.0000,  2.0000, 1.0000)>
MESH
Pipe
<Matrix 4x4 (1.0000,  0.0000, 0.0000, 0.0000)
            (0.0000,  2.0000, 0.0000, 0.0000)
            (0.0000, -0.0000, 1.0000, 0.0000)
            (0.0000,  2.0000, 5.0000, 1.0000)>
MESH
Pipe.001
<Matrix 4x4 (0.5000,  0.0000, 0.0000, 0.0000)
            (0.0000,  0.0000, 0.5000, 0.0000)
            (0.0000, -0.5000, 0.0000, 0.0000)
            (0.0000,  4.0000, 5.7000, 1.0000)>
MESH
Pipe.002
<Matrix 4x4 (-0.0000,  0.0000, -0.5000, 0.0000)
            ( 0.5000,  0.0000, -0.0000, 0.0000)
            ( 0.0000, -0.5000,  0.0000, 0.0000)
            ( 0.7000,  3.0000,  5.0000, 1.0000)>
MESH
Crate
<Matrix 4x4 ( 0.9205, 0.0000,  0.3907, 0.0000)
            ( 0.0000, 1.0000, -0.0000, 0.0000)
            (-0.3907, 0.0000,  0.9205, 0.0000)
            ( 5.0000, 3.0000,  3.0000, 1.0000)>
MESH
Crate.001
<Matrix 4x4 (1.0000, 0.0000,  0.0000, 0.0000)
            (0.0000, 1.0000, -0.0000, 0.0000)
            (0.0000, 0.0000,  1.0000, 0.0000)
            (6.2000, 3.0000,  3.0000, 1.0000)>
MESH
Crate.002
<Matrix 4x4 (1.0000, 0.0000,  0.0000, 0.0000)
            (0.0000, 1.0000, -0.0000, 0.0000)
            (0.0000, 0.0000,  1.0000, 0.0000)
            (5.5000, 4.0000,  3.5000, 1.0000)>
MESH
Crate.003
<Matrix 4x4 ( 0.7071, 0.0000,  0.7071, 0.0000)
            ( 0.0000, 1.0000, -0.0000, 0.0000)
            (-0.7071, 0.0000,  0.7071, 0.0000)
            ( 5.5000, 3.0000,  4.1000, 1.0000)>
MESH
Key
<Matrix 4x4 ( 0.4226,  0.0000,  0.9063, 0.0000)
            (-0.0000,  1.0000,  0.0000, 0.0000)
            (-0.9063, -0.0000,  0.4226, 0.0000)
            ( 0.0000,  7.5000, -1.5000, 1.0000)>
MESH
MovingPlatform
<Matrix 4x4 ( 0.3000,  0.0000, 0.0000, 0.0000)
            ( 0.0000,  0.3000, 0.0000, 0.0000)
            ( 0.0000, -0.0000, 0.4000, 0.0000)
            (-2.5000,  6.5000, 4.5000, 1.0000)>
MESH
MovingPlatform.001
<Matrix 4x4 ( 0.3000,  0.0000, 0.0000, 0.0000)
            ( 0.0000,  0.3000, 0.0000, 0.0000)
            ( 0.0000, -0.0000, 0.4000, 0.0000)
            (-3.7000,  6.8000, 2.3000, 1.0000)>
MESH
MovingPlatform.002
<Matrix 4x4 ( 0.3000,  0.0000, 0.0000, 0.0000)
            ( 0.0000,  0.3000, 0.0000, 0.0000)
            ( 0.0000, -0.0000, 0.4000, 0.0000)
            (-2.5000,  7.3000, 0.0000, 1.0000)>
MESH
MovingPlatform.003
<Matrix 4x4 (0.3000,  0.0000,  0.0000, 0.0000)
            (0.0000,  0.3000,  0.0000, 0.0000)
            (0.0000, -0.0000,  0.4000, 0.0000)
            (0.0000,  6.5000, -1.5000, 1.0000)>
MESH
Heart_Full
<Matrix 4x4 ( 0.4226, 0.0000, -0.9063, 0.0000)
            (-0.0000, 1.0000, -0.0000, 0.0000)
            ( 0.9063, 0.0000,  0.4226, 0.0000)
            ( 5.5000, 5.0000,  3.5000, 1.0000)>
